-9.598960000000000131e-03
4.856809999999999738e-01
-6.790409999999999502e-02
-1.682390000000000052e+00
5.447570000000000190e-02
2.195079999999999920e+00
9.499779999999999891e-01
6.768020000000000147e-01
-4.434069999999999678e-02
2.189020000000000132e-01
-7.150939999999999727e-03
9.911100000000000465e-01
-1.321080000000000032e-01
1.389950000000000040e-02

[ 0.674348  -0.0450295  0.218901 ]
[ 0.676575  -0.0372136  0.218906 ]
[ 0.673965  -0.0433491  0.218905 ]
[ 0.677003  -0.0401034  0.218905 ]

[-0.00421411  0.991546   -0.127084    0.025744  ]
[ 0.0446931  0.989329  -0.137418   0.0184714]
[ 0.0167129  0.990654  -0.133592   0.0217418]
[ 0.0480368   0.987373   -0.150667    0.00907446]
